=========================================
PRINTING SUPER BLOCK
=========================================
s_magic = ef53
EXT2 FS OK
s_inodes_count = 184
s_blocks_count = 1440
s_free_inodes_count = 131
s_free_blocks_count = 1376
s_first_data_blcok = 1
s_log_block_size = 0
s_blocks_per_group = 8192
s_inodes_per_group = 184
s_mnt_count = 2
s_max_mnt_count = -1
s_magic = ef53
s_mtime = Thu Mar 23 16:08:56 2017
s_wtime = Thu Mar 23 16:08:56 2017
 
=========================================
PRINTING GROUP DESCRIPTOR BLOCK
=========================================
bg_block_bitmap = 8
bg_inode_bitmap = 9
bg_inode_table  = 10
bg_free_blocks_count = 1376
bg_free_inodes_count = 131
bg_used_dirs_count   = 9
 
=========================================
PRINTING INODE BITMAP
=========================================
ninodes = 184
imap = 9
111111111 11111111 11111111 11111111 11111111 11111111 11110000 00000000 00000000 00000000 00000000 00000000 00000000 00000000 00000000 00000000 00000000 00000000 00000000 00000000 00000000 00000000 0000000
 
=========================================
ALLOCATE INODES
=========================================
ninodes=184 nblocks=1440 nfreeInodes=131 nfreeBlocks=1376
imap = 9
allocated ino = 54
allocated ino = 55
allocated ino = 56
allocated ino = 57
allocated ino = 58
 
=========================================
PRINTING INODE BITMAP
=========================================
ninodes = 184
imap = 9
111111111 11111111 11111111 11111111 11111111 11111111 11111111 10000000 00000000 00000000 00000000 00000000 00000000 00000000 00000000 00000000 00000000 00000000 00000000 00000000 00000000 00000000 0000000
 
=========================================
PRINTING BLOCK BITMAP
=========================================
nblocks = 1440
bmap = 8
111111111 11111111 11111111 11111111 11111111 11111111 11111111 10000000 00000000 00000000 00000000 00000000 00000000 00000000 00000000 00000000 00000000 00000000 00000000 00000000 00000000 00000000 00000000 00000000 00000000 00000000 00000000 00000000 00000000 00000000 00000000 00000000 00000000 00000000 00000000 00000000 00000000 00000000 00000000 00000000 00000000 00000000 00000000 00000000 00000000 00000000 00000000 00000000 00000000 00000000 00000000 00000000 00000000 00000000 00000000 00000000 00000000 00000000 00000000 00000000 00000000 00000000 00000000 00000000 00000000 00000000 00000000 00000000 00000000 00000000 00000000 00000000 00000000 00000000 00000000 00000000 00000000 00000000 00000000 00000000 00000000 00000000 00000000 00000000 00000000 00000000 00000000 00000000 00000000 00000000 00000000 00000000 00000000 00000000 00000000 00000000 00000000 00000000 00000000 00000000 00000000 00000000 00000000 00000000 00000000 00000000 00000000 00000000 00000000 00000000 00000000 00000000 00000000 00000000 00000000 00000000 00000000 00000000 00000000 00000000 00000000 00000000 00000000 00000000 00000000 00000000 00000000 00000000 00000000 00000000 00000000 00000000 00000000 00000000 00000000 00000000 00000000 00000000 00000000 00000000 00000000 00000000 00000000 00000000 00000000 00000000 00000000 00000000 00000000 00000000 00000000 00000000 00000000 00000000 00000000 00000000 00000000 00000000 00000000 00000000 00000000 00000000 00000000 00000000 00000000 00000000 00000000 00000000 00000000 00000000 00000000 00000000 00000000 00000000 00000000 00000000 00000000 00000000 00000001 1001111
 
=========================================
ALLOCATE BLOCKS
=========================================
ninodes=184 nblocks=1440 nfreeInodes=126 nfreeBlocks=1376
bmap = 8
allocated block = 59
allocated block = 60
allocated block = 61
allocated block = 62
allocated block = 63
 
=========================================
PRINTING BLOCK BITMAP
=========================================
nblocks = 1440
bmap = 8
111111111 11111111 11111111 11111111 11111111 11111111 11111111 11111100 00000000 00000000 00000000 00000000 00000000 00000000 00000000 00000000 00000000 00000000 00000000 00000000 00000000 00000000 00000000 00000000 00000000 00000000 00000000 00000000 00000000 00000000 00000000 00000000 00000000 00000000 00000000 00000000 00000000 00000000 00000000 00000000 00000000 00000000 00000000 00000000 00000000 00000000 00000000 00000000 00000000 00000000 00000000 00000000 00000000 00000000 00000000 00000000 00000000 00000000 00000000 00000000 00000000 00000000 00000000 00000000 00000000 00000000 00000000 00000000 00000000 00000000 00000000 00000000 00000000 00000000 00000000 00000000 00000000 00000000 00000000 00000000 00000000 00000000 00000000 00000000 00000000 00000000 00000000 00000000 00000000 00000000 00000000 00000000 00000000 00000000 00000000 00000000 00000000 00000000 00000000 00000000 00000000 00000000 00000000 00000000 00000000 00000000 00000000 00000000 00000000 00000000 00000000 00000000 00000000 00000000 00000000 00000000 00000000 00000000 00000000 00000000 00000000 00000000 00000000 00000000 00000000 00000000 00000000 00000000 00000000 00000000 00000000 00000000 00000000 00000000 00000000 00000000 00000000 00000000 00000000 00000000 00000000 00000000 00000000 00000000 00000000 00000000 00000000 00000000 00000000 00000000 00000000 00000000 00000000 00000000 00000000 00000000 00000000 00000000 00000000 00000000 00000000 00000000 00000000 00000000 00000000 00000000 00000000 00000000 00000000 00000000 00000000 00000000 00000000 00000000 00000000 00000000 00000000 00000000 00000001 1001111
